0.0032776991526285806 6.999151853253555e-06
0.0016402403513590496 2.6689892567648915e-08
0.0023981730143229165 2.028523087776395e-08
0.0038696924845377603 2.414865068405763e-08
0.005202293395996094 2.094911148257476e-08
0.007432381312052409 5.304879222320678e-08
0.010816574096679688 2.399967039915888e-09
0.015132268269856771 1.6580453474388276e-07
0.02162512143452962 9.388106087094962e-07
0.02737005551656087 8.791112627982835e-09
0.04737297693888346 1.383638631422299e-06
0.07538684209187825 2.3277722991426548e-05
0.01722828547159831 1.0173976584661027e-07
0.022524595260620117 1.2769896784448065e-07
0.03429094950358073 5.7999750929916945e-06
0.04102349281311035 3.0088055306502305e-08
0.061311562856038414 9.324087399262578e-06
0.0720062255859375 3.7175971101532923e-07
0.10476040840148926 1.0967846757618341e-05
0.1325987974802653 5.080212316796759e-06
0.21325087547302246 6.836112212719551e-05
0.2783697446187337 2.101688488033283e-06
0.3563394546508789 3.180010132079284e-05
0.48153408368428546 1.128276696565283e-06
0.6727462609608968 1.9568999404226714e-05
0.8697502613067627 0.0008474511396722543
1.1806652545928955 0.0005091111684123462
1.5366449356079102 0.006332462766901396
1.9778305689493816 0.0005244777044910936
2.606150229771932 0.0035309767360761023
3.9766650994618735 0.02532160809059607
5.849267403284709 0.014932304282878147
7.839938243230184 0.07650204601419672
11.949069102605185 0.03203461154689396
16.069588661193848 0.06337505013702109
22.6995587348938 0.18847441443051594
32.780424197514854 0.16181799155558313
47.72938736279806 0.5711124802853015
69.62318960825603 1.5594791185827084
102.07919645309448 1.6989506727793848
147.58421405156454 1.5183908278838139
219.541614929835 4.7525165107633836
