0.019436073303222657 2.668305203314958e-06
0.020841479301452637 2.0724249822023922e-06
0.019043803215026855 1.281856955870353e-06
0.019933533668518067 1.6179253867676382e-06
0.019130873680114745 2.1507390107444736e-06
0.02012031078338623 2.5294651101148707e-06
0.020334935188293456 2.263154390789168e-06
0.01823592185974121 2.1917163621765213e-07
0.020339179039001464 6.165586387965051e-06
0.019225096702575682 2.014765510125471e-06
0.019834017753601073 3.694284219477595e-06
0.020740199089050292 3.369352317008633e-06
0.019038939476013185 1.4866335328633796e-06
0.019332170486450195 1.2437349141691811e-06
