0.002043042182922363 4.285367470174607e-07
0.0024945664405822752 2.4018911340760954e-06
0.0017980337142944336 2.486250349420516e-07
0.002258636951446533 4.587648630774766e-07
0.0019828414916992186 3.572133886336815e-07
0.0018654179573059082 2.0211115799497748e-07
0.002126421928405762 5.77680635865363e-07
0.0020228719711303713 5.543087791238577e-07
0.0019629740715026854 1.764138320311304e-07
0.0022658586502075197 9.390732833480798e-07
0.002152986526489258 4.748986635604525e-07
0.002515063285827637 1.5069771107164341e-06
0.002045009136199951 2.742887169176811e-07
0.002123854160308838 2.754394416740524e-07
