0.004276888370513916 4.874132858446957e-07
0.004509510993957519 7.562709761486986e-07
0.004293212890625 4.4431860137592593e-07
0.004243662357330322 6.883347842801868e-07
0.00478435754776001 1.3136181796369328e-06
0.004327495098114014 4.507726840245141e-07
0.004245750904083252 6.264981066749443e-07
0.004225757122039795 3.090579444858576e-07
0.00437685489654541 5.532076432018585e-07
0.004474337100982666 1.193684675916984e-06
0.004089043140411377 4.828217625970409e-07
0.004389266967773437 5.760566769822617e-07
0.004295759201049805 6.108146204496734e-07
0.0045304703712463375 1.3263012954837448e-06
