0.0032378196716308593 2.838369789515127e-07
0.004200637340545654 3.6494563957489847e-07
0.00609215497970581 4.174841872526257e-06
0.007627427577972412 6.275499281116481e-07
0.02302672863006592 7.406525701867395e-06
0.03263009786605835 7.684216015348966e-06
0.05854356288909912 6.175264495880128e-05
0.10368551015853882 0.0002703503671652641
0.15992015600204468 0.0005331700068261114
0.08092323541641236 0.00038667215409461165
0.10910574197769166 0.0005034426028275617
0.2187712550163269 0.0003557790728125099
0.2234718084335327 0.000685008145769075
