0.008279538154602051 3.1345598983989475e-07
0.005830633640289307 5.158546882455539e-07
0.01601806879043579 5.935432450741017e-06
0.023266470432281493 6.838342945201247e-06
0.0777804970741272 2.0525583536681328e-05
0.11506549119949341 0.00010141120777845459
0.19134187698364258 0.0003654018656959579
0.37918699979782106 0.0006117503314469275
0.5227981209754944 0.0018963563132324169
0.2479744553565979 0.0002391341293098037
0.38919456005096437 0.0008362685909850143
0.9036806702613831 0.008828497793112292
0.9306817531585694 0.007745577651517124
