0.0020972371101379396 2.673743804706419e-06
0.0020978450775146484 1.8864544699681572e-07
0.004155707359313965 5.447165677310295e-06
0.005178999900817871 6.875020295638022e-07
0.006810569763183593 2.6399150806355466e-06
0.008409571647644044 3.1457848933769126e-07
0.013667523860931396 3.7038935595035126e-06
0.029829394817352296 3.6302025566072865e-05
0.04552832841873169 6.575700861205293e-05
0.020894062519073487 2.322180397683837e-05
0.032064056396484374 7.752474551466549e-05
0.05560113191604614 2.027759001336449e-05
0.056151628494262695 1.6736475663492457e-05
