0.010865211486816406 2.0479417685237423e-06
0.013966202735900879 5.346014236806695e-06
0.009764885902404786 5.76772691260885e-07
0.011277294158935547 9.963237198462592e-07
0.012946867942810058 2.323554559211516e-06
0.008397722244262695 1.2696036401393938e-06
0.014461398124694824 1.6335209039652908e-06
0.016410231590270996 1.1162950642074065e-06
0.019660186767578126 3.4919820313916718e-06
0.010987567901611327 7.680902149331814e-07
0.014222931861877442 1.7519969225077145e-06
0.030913472175598145 5.177262485744904e-06
0.03760709762573242 9.169965053388295e-06
0.021114706993103027 4.3200011816679763e-07
