0.0013671350479125977 2.3029783435504214e-07
0.0014951634407043457 4.665976212606893e-07
0.001186819076538086 1.730836484966857e-07
0.001347200870513916 3.656467291136778e-07
0.0014458584785461426 2.46286034160903e-07
0.0013428092002868651 6.600465557937694e-07
0.0016747140884399415 6.336209237588263e-07
0.0016318273544311524 2.4788990092474704e-07
0.001750791072845459 1.972854742859909e-07
0.0015662240982055665 3.3861117183278114e-07
0.0015909528732299804 2.9980369824897934e-07
0.0023580574989318847 1.0322320498460156e-06
0.0017550730705261231 2.698095485072827e-07
0.001602163314819336 4.934866500661883e-07
