0.003605217933654785 2.771040042034656e-07
0.003571102619171143 6.423846096993204e-07
0.003299274444580078 3.901215731275443e-07
0.0030518412590026856 6.871250518258876e-07
0.00446892261505127 1.2930236266356585e-06
0.003689460754394531 4.80252166516948e-07
0.004056117534637451 7.644193568637546e-07
0.00504382848739624 5.001458741560326e-07
0.005628712177276611 1.0050201711408136e-06
0.0036682677268981933 7.925865134609468e-07
0.003719756603240967 1.9721284392005597e-06
0.006001272201538086 8.774831664140946e-07
0.0067659783363342284 6.525385632073722e-07
0.005349633693695069 1.7853504112906647e-06
